seq,Q6YYC5_Os,RGLG5,RGLG3,RGLG4,RGLG1,RGLG2
Q6YYC5_Os,0.0,43.4,43.9,40.2,51.5,47.2
RGLG5,43.4,0.0,48.6,48.2,41.5,36.8
RGLG3,43.9,48.6,0.0,46.2,53.3,50.1
RGLG4,40.2,48.2,46.2,0.0,51.8,48.4
RGLG1,51.5,41.5,53.3,51.8,0.0,28.6
RGLG2,47.2,36.8,50.1,48.4,28.6,0.0
# values = 100 - percent identity (global NW alignment, match=2/mismatch=-1/gap=-6)
# NJ tree: ((RGLG3:23.7,(RGLG5:17.7,(RGLG1:16.3,RGLG2:12.4):7.1):6.9):0.6,(Q6YYC5_Os:18.9,RGLG4:21.4):0.6);
# Interpretation: Q6YYC5 is sister to RGLG4; RGLG1+RGLG2 (K63-demonstrated) form a separate clade.
