family	node	go_id	aspect	evidence	negated	seeds	taxon	date
PTHR15157	PTN000389174	GO:0000323	C	IBD	false	UniProtKB:Q9P2Y5	taxon:2759	20200808
PTHR15157	PTN000389174	GO:0005768	C	IBD	false	AGI_LocusCode:AT2G32760|UniProtKB:Q9P2Y5|SGD:S000004352	taxon:2759	20260529
PTHR15157	PTN000389174	GO:0034272	C	IBD	false	PomBase:SPBC18H10.19|SGD:S000004352	taxon:2759	20260112
PTHR15157	PTN000389174	GO:0016236	P	IBD	false	SGD:S000004352|UniProtKB:Q9P2Y5	taxon:2759	20260212
PTHR15157	PTN000389174	GO:0036092	P	IBD	false	MGI:MGI:1925860|UniProtKB:Q9P2Y5	taxon:2759	20260112
