	GAT2	GLN3	GAT1	DAL80	GZF3	GAT3	GAT4
GAT2	100.0	48.8	41.5	39.0	36.6	52.4	50.0
GLN3	48.8	100.0	61.0	58.5	58.5	46.3	39.0
GAT1	41.5	61.0	100.0	58.5	63.4	39.0	36.6
DAL80	39.0	58.5	58.5	100.0	68.3	39.0	39.0
GZF3	36.6	58.5	63.4	68.3	100.0	36.6	36.6
GAT3	52.4	46.3	39.0	39.0	36.6	100.0	65.1
GAT4	50.0	39.0	36.6	39.0	36.6	65.1	100.0
